76
27.34 24.43 2.614 26.266 25.413 2.842 26.913 26.639 3.531 25.112 24.88 3.649
26.335 27.77 3.258 26.85 29.021 3.898 26.1 29.253 5.202 26.733 30.148 2.905
26.849 29.656 6.217 26.235 30.058 7.497 26.882 31.428 7.862 26.344 29.05 8.645
26.214 32.097 8.771 26.772 33.436 9.197 27.151 33.362 10.65 25.695 34.498 8.946
28.26 33.943 11.096 28.605 33.965 12.503 28.638 35.461 12.9 29.963 33.317 12.814
27.751 35.867 13.74 27.691 37.315 14.143 28.469 37.475 15.42 26.219 37.684 14.307
29.426 38.43 15.446 30.225 38.643 16.662 29.664 39.839 17.434 31.744 38.879 16.299
30.132 40.069 18.642 29.607 41.18 19.467 30.075 42.538 18.984 29.919 40.89 20.938
30.991 42.571 17.998 31.422 43.94 17.553 30.755 44.351 16.277 32.979 43.918 17.445
29.721 43.673 15.885 28.978 43.96 14.678 29.604 43.507 13.393 nan nan nan
30.563 42.623 13.495 31.191 42.012 12.331 30.459 40.666 12.13 32.672 41.717 12.505
30.163 40.338 10.886 29.542 39.02 10.653 30.494 38.261 9.729 28.113 39.049 10.015
30.795 37.015 10.095 31.72 36.289 9.176 30.955 35.211 8.459 32.995 35.883 9.934
31.244 34.986 7.197 30.505 33.884 6.512 31.409 32.68 6.446 30.091 34.393 5.078
30.884 31.485 6.666 31.677 30.275 6.639 31.022 29.288 5.665 31.562 29.686 8.045
31.834 28.412 5.125 31.22 27.341 4.275 31.44 26.079 5.08 31.827 27.262 2.894
30.31 25.458 5.384 30.288 24.245 6.193 29.279 23.227 5.641 29.903 24.59 7.665
29.38 22.057 6.232 28.468 20.94 5.98 27.819 20.609 7.316 29.213 19.697 5.506
26.559 20.22 7.288 25.829 19.825 8.494 26.541 18.732 9.251 24.469 19.332 7.952
27.361 17.959 8.559 28.054 16.835 9.21 29.258 17.318 9.984 28.523 15.82 8.182
29.599 18.599 9.828 30.796 19.083 10.566 30.491 19.162 12.04 31.155 20.515 10.048
31.51 18.936 12.852 31.398 19.064 14.286 31.593 20.553 14.655 32.492 18.193 14.995
31.113 20.863 15.86 31.288 22.201 16.417 32.776 22.519 16.577 30.52 22.3 17.764
33.548 21.526 16.95 35.031 21.722 17.069 35.615 22.19 15.759 35.667 20.383 17.447
35.139 21.624 14.662 35.59 21.945 13.302 35.238 23.382 12.92 35.064 20.957 12.255
34.007 23.745 13.25 33.533 25.097 12.978 34.441 26.099 13.684 32.06 25.257 13.364
34.734 25.822 14.949 35.596 26.715 15.736 36.975 26.826 15.107 35.715 26.203 17.172
37.499 25.743 14.571 38.794 25.761 13.88 38.728 26.591 12.611 39.285 24.336 13.566
37.633 26.543 11.867 37.471 27.391 10.668 37.441 28.882 11.052 36.193 27.058 9.911
36.811 29.17 12.192 36.731 30.57 12.645 38.148 30.981 13.069 35.708 30.776 13.806
38.883 30.11 13.713 40.269 30.508 14.115 41.092 30.808 12.851 40.996 29.399 14.865
41.001 29.878 11.931 41.718 30.022 10.643 41.399 31.338 9.967 41.398 28.78 9.81
40.117 31.75 9.988 39.808 32.994 9.233 39.837 34.271 9.995 38.615 32.801 8.32
39.655 34.335 11.285 39.676 35.547 12.072 40.675 35.527 13.2 38.29 35.814 12.698
41.317 34.393 13.432 42.345 34.269 14.431 41.949 34.076 15.842 nan nan nan
40.642 33.916 16.112 40.226 33.716 17.509 40.449 32.278 17.945 38.693 34.106 17.595
41.189 32.085 19.031 41.461 30.751 19.594 40.168 30.026 19.918 42.195 31.142 20.913
40.059 28.758 19.607 38.817 28.02 19.889 38.421 28.048 21.341 39.09 26.629 19.325
39.374 28.09 22.24 39.063 28.063 23.695 38.365 29.335 24.159 40.34 27.692 24.468
38.419 30.373 23.341 37.738 31.637 23.712 36.334 31.742 23.087 38.528 32.854 23.182
36.0 30.86 22.172 34.738 30.875 21.473 33.589 30.189 22.181 34.876 30.237 20.066
32.478 30.917 22.269 31.2 30.329 22.78 30.21 30.509 21.65 30.847 30.931 24.118
29.694 29.436 21.054 28.762 29.573 19.906 27.331 29.317 20.364 29.151 28.655 18.755
26.436 30.232 20.004 25.034 30.17 20.401 24.101 30.149 19.196 24.639 31.426 21.286
23.141 29.187 19.241 22.126 29.062 18.183 20.835 28.629 18.904 22.494 28.057 17.109
19.81 29.378 18.578 18.443 29.143 19.083 18.453 28.941 20.591 17.864 27.977 18.346
19.172 29.808 21.243 19.399 29.894 22.655 20.083 28.729 23.321 nan nan nan
20.801 27.931 22.578 21.55 26.796 23.133 23.046 27.087 22.913 21.242 25.519 22.391
23.88 26.727 23.851 25.349 26.872 23.643 25.743 25.586 22.922 26.07 27.025 24.96
26.465 25.689 21.833 26.826 24.521 21.012 27.994 23.781 21.643 27.043 24.992 19.571
27.942 22.448 21.648 29.015 21.657 22.288 29.942 21.106 21.24 28.348 20.54 23.066
31.233 21.09 21.459 32.262 20.67 20.514 32.128 19.364 19.75 33.638 20.716 21.242
31.697 18.311 20.406 31.568 16.962 19.825 30.32 16.698 19.051 nan nan nan
29.34 17.594 19.076 28.108 17.439 18.276 28.375 17.999 16.887 26.926 18.191 18.892
27.51 17.689 15.954 27.574 18.192 14.563 26.482 19.28 14.432 27.299 17.055 13.533
26.585 20.063 13.378 25.594 21.109 13.072 24.241 20.436 12.857 26.084 21.888 11.833
24.24 19.233 12.246 22.924 18.583 12.025 22.229 18.244 13.325 23.059 17.326 11.154
22.997 17.978 14.366 22.418 17.638 15.693 21.46 18.737 16.163 23.461 17.331 16.741
21.846 19.954 15.905 21.079 21.149 16.251 20.142 21.59 15.149 22.085 22.254 16.581
19.993 20.884 14.049 19.065 21.352 12.999 19.442 22.745 12.51 17.586 21.282 13.461
20.717 22.964 12.26 21.184 24.263 11.69 21.11 24.111 10.173 22.65 24.516 12.172
20.291 24.875 9.507 20.081 24.773 8.033 20.822 25.914 7.332 18.599 24.736 7.727
20.924 25.862 6.006 21.656 26.847 5.24 21.127 28.24 5.574 21.631 26.642 3.731
22.099 29.163 5.605 21.907 30.563 5.881 21.466 30.953 7.261 21.023 31.223 4.784
21.674 30.034 8.191 21.419 30.253 9.62 22.504 31.228 10.136 21.637 28.923 10.353
22.241 31.873 11.241 23.212 32.762 11.891 23.509 32.224 13.29 22.699 34.267 11.985
24.79 32.021 13.618 25.149 31.609 14.98 25.698 32.876 15.669 26.31 30.594 14.967
25.621 32.945 16.95 26.179 34.127 17.65 27.475 33.651 18.304 25.214 34.565 18.78
28.525 34.447 18.189 29.801 34.145 18.829 30.052 35.042 20.004 30.925 34.304 17.753
30.124 34.533 21.191 30.479 35.369 22.374 31.901 34.91 22.728 29.472 35.181 23.498
32.763 35.831 23.09 34.145 35.472 23.481 34.239 35.353 24.979 35.114 36.564 22.907
34.93 34.384 25.451 35.161 34.174 26.896 36.671 34.296 27.089 34.717 32.76 27.286
37.197 35.397 27.513 38.668 35.502 27.68 39.076 34.931 29.031 39.08 36.941 27.406
40.294 34.412 29.045 40.873 33.802 30.253 41.765 34.829 30.944 41.651 32.529 29.923
41.165 35.531 31.898 41.845 36.55 32.686 41.251 37.941 32.588 nan nan nan
40.946 38.472 33.757 40.373 39.813 33.944 40.031 39.992 35.432 nan nan nan
